------------------------------------------------------------------------------------------------------
|  run     |  epoch  |  train_loss  |  train_acc  |  val_acc  |  tta_val_acc  |  total_time_seconds  |
------------------------------------------------------------------------------------------------------
|       0  |      0  |      1.4102  |     0.7178  |   0.6684  |               |              8.5329  |
|          |      1  |      1.2178  |     0.8379  |   0.7753  |               |              8.9359  |
|          |      2  |      1.2158  |     0.8350  |   0.7644  |               |              9.3397  |
|          |      3  |      1.1768  |     0.8486  |   0.8159  |               |              9.7119  |
|          |      4  |      1.1387  |     0.8643  |   0.7954  |               |             10.0820  |
|          |      5  |      1.1045  |     0.8867  |   0.8606  |               |             10.4543  |
|          |      6  |      1.0361  |     0.9199  |   0.8793  |               |             10.8262  |
|          |      7  |      1.0283  |     0.9248  |   0.8966  |               |             11.1974  |
|          |      8  |      0.9668  |     0.9668  |   0.9174  |               |             11.5683  |
|          |      9  |      0.9365  |     0.9805  |   0.9339  |               |             11.9091  |
|          |   eval  |      0.9365  |     0.9805  |   0.9339  |       0.9400  |             12.0753  |
------------------------------------------------------------------------------------------------------
|       1  |      0  |      1.4385  |     0.6924  |   0.6238  |               |              0.4997  |
|          |      1  |      1.2666  |     0.8027  |   0.7779  |               |              0.9045  |
|          |      2  |      1.1836  |     0.8584  |   0.7932  |               |              1.3087  |
|          |      3  |      1.1572  |     0.8525  |   0.8216  |               |              1.6830  |
|          |      4  |      1.1816  |     0.8320  |   0.8541  |               |              2.0543  |
|          |      5  |      1.0986  |     0.8770  |   0.8121  |               |              2.4272  |
|          |      6  |      1.0518  |     0.9072  |   0.8934  |               |              2.7993  |
|          |      7  |      1.0049  |     0.9434  |   0.9016  |               |              3.1716  |
|          |      8  |      0.9707  |     0.9629  |   0.9204  |               |              3.5437  |
|          |      9  |      0.9429  |     0.9805  |   0.9330  |               |              3.8853  |
|          |   eval  |      0.9429  |     0.9805  |   0.9330  |       0.9388  |              4.0516  |
------------------------------------------------------------------------------------------------------
|       2  |      0  |      1.4180  |     0.7090  |   0.6859  |               |              0.4954  |
|          |      1  |      1.2441  |     0.8271  |   0.6298  |               |              0.8999  |
|          |      2  |      1.1846  |     0.8477  |   0.8259  |               |              1.3055  |
|          |      3  |      1.1543  |     0.8525  |   0.8022  |               |              1.6780  |
|          |      4  |      1.1211  |     0.8828  |   0.8093  |               |              2.0510  |
|          |      5  |      1.0957  |     0.8916  |   0.8392  |               |              2.4237  |
|          |      6  |      1.0488  |     0.9141  |   0.8983  |               |              2.7970  |
|          |      7  |      1.0254  |     0.9365  |   0.8920  |               |              3.1708  |
|          |      8  |      0.9805  |     0.9512  |   0.9235  |               |              3.5432  |
|          |      9  |      0.9424  |     0.9785  |   0.9301  |               |              3.8850  |
|          |   eval  |      0.9424  |     0.9785  |   0.9301  |       0.9368  |              4.0526  |
------------------------------------------------------------------------------------------------------
|       3  |      0  |      1.4209  |     0.6953  |   0.6577  |               |              0.4948  |
|          |      1  |      1.2285  |     0.8223  |   0.8004  |               |              0.8989  |
|          |      2  |      1.1816  |     0.8398  |   0.7816  |               |              1.3058  |
|          |      3  |      1.1562  |     0.8594  |   0.8403  |               |              1.6783  |
|          |      4  |      1.1377  |     0.8691  |   0.8702  |               |              2.0512  |
|          |      5  |      1.0752  |     0.8926  |   0.8404  |               |              2.4243  |
|          |      6  |      1.0332  |     0.9258  |   0.8913  |               |              2.7978  |
|          |      7  |      1.0254  |     0.9297  |   0.9047  |               |              3.1721  |
|          |      8  |      0.9800  |     0.9541  |   0.9196  |               |              3.5458  |
|          |      9  |      0.9458  |     0.9766  |   0.9322  |               |              3.8911  |
|          |   eval  |      0.9458  |     0.9766  |   0.9322  |       0.9398  |              4.0584  |
------------------------------------------------------------------------------------------------------
|       4  |      0  |      1.4004  |     0.7295  |   0.6320  |               |              0.4980  |
|          |      1  |      1.2402  |     0.8389  |   0.7575  |               |              0.9058  |
|          |      2  |      1.2227  |     0.8203  |   0.7629  |               |              1.3119  |
|          |      3  |      1.1465  |     0.8711  |   0.8244  |               |              1.6863  |
|          |      4  |      1.1562  |     0.8447  |   0.8293  |               |              2.0622  |
|          |      5  |      1.0977  |     0.8975  |   0.8538  |               |              2.4363  |
|          |      6  |      1.0420  |     0.9209  |   0.8825  |               |              2.8106  |
|          |      7  |      1.0000  |     0.9492  |   0.8967  |               |              3.1867  |
|          |      8  |      0.9751  |     0.9590  |   0.9238  |               |              3.5607  |
|          |      9  |      0.9482  |     0.9707  |   0.9330  |               |              3.9058  |
|          |   eval  |      0.9482  |     0.9707  |   0.9330  |       0.9383  |              4.0735  |
------------------------------------------------------------------------------------------------------
|       5  |      0  |      1.4150  |     0.7119  |   0.7178  |               |              0.4947  |
|          |      1  |      1.3018  |     0.7861  |   0.6822  |               |              0.8995  |
|          |      2  |      1.2119  |     0.8408  |   0.7228  |               |              1.3086  |
|          |      3  |      1.1602  |     0.8604  |   0.8264  |               |              1.6822  |
|          |      4  |      1.1367  |     0.8691  |   0.8386  |               |              2.0577  |
|          |      5  |      1.1289  |     0.8750  |   0.8429  |               |              2.4318  |
|          |      6  |      1.0479  |     0.9189  |   0.8969  |               |              2.8056  |
|          |      7  |      1.0342  |     0.9219  |   0.8934  |               |              3.1822  |
|          |      8  |      0.9702  |     0.9590  |   0.9217  |               |              3.5569  |
|          |      9  |      0.9390  |     0.9814  |   0.9324  |               |              3.9026  |
|          |   eval  |      0.9390  |     0.9814  |   0.9324  |       0.9390  |              4.0700  |
------------------------------------------------------------------------------------------------------
|       6  |      0  |      1.3945  |     0.7227  |   0.6977  |               |              0.4983  |
|          |      1  |      1.2773  |     0.8057  |   0.6845  |               |              0.9062  |
|          |      2  |      1.2197  |     0.8311  |   0.7185  |               |              1.3154  |
|          |      3  |      1.1504  |     0.8574  |   0.8513  |               |              1.6921  |
|          |      4  |      1.1387  |     0.8730  |   0.8545  |               |              2.0708  |
|          |      5  |      1.1270  |     0.8721  |   0.8681  |               |              2.4469  |
|          |      6  |      1.0469  |     0.9258  |   0.8802  |               |              2.8230  |
|          |      7  |      1.0225  |     0.9268  |   0.9029  |               |              3.2002  |
|          |      8  |      0.9824  |     0.9531  |   0.9243  |               |              3.5754  |
|          |      9  |      0.9595  |     0.9697  |   0.9319  |               |              3.9215  |
|          |   eval  |      0.9595  |     0.9697  |   0.9319  |       0.9411  |              4.0893  |
------------------------------------------------------------------------------------------------------
|       7  |      0  |      1.4092  |     0.7344  |   0.6783  |               |              0.4984  |
|          |      1  |      1.2988  |     0.7949  |   0.7500  |               |              0.9058  |
|          |      2  |      1.2012  |     0.8271  |   0.7786  |               |              1.3165  |
|          |      3  |      1.1553  |     0.8555  |   0.7815  |               |              1.6916  |
|          |      4  |      1.1484  |     0.8750  |   0.8365  |               |              2.0704  |
|          |      5  |      1.0996  |     0.8750  |   0.8127  |               |              2.4459  |
|          |      6  |      1.0508  |     0.9189  |   0.8866  |               |              2.8227  |
|          |      7  |      1.0127  |     0.9482  |   0.9021  |               |              3.2004  |
|          |      8  |      0.9712  |     0.9619  |   0.9171  |               |              3.5759  |
|          |      9  |      0.9326  |     0.9814  |   0.9307  |               |              3.9243  |
|          |   eval  |      0.9326  |     0.9814  |   0.9307  |       0.9380  |              4.0923  |
------------------------------------------------------------------------------------------------------
|       8  |      0  |      1.4092  |     0.7197  |   0.6470  |               |              0.5022  |
|          |      1  |      1.2324  |     0.8291  |   0.7747  |               |              0.9098  |
|          |      2  |      1.1895  |     0.8457  |   0.7475  |               |              1.3216  |
|          |      3  |      1.1787  |     0.8477  |   0.7704  |               |              1.6986  |
|          |      4  |      1.1367  |     0.8701  |   0.8226  |               |              2.0765  |
|          |      5  |      1.1084  |     0.8818  |   0.8585  |               |              2.4540  |
|          |      6  |      1.0430  |     0.9248  |   0.8914  |               |              2.8297  |
|          |      7  |      1.0244  |     0.9307  |   0.9075  |               |              3.2080  |
|          |      8  |      0.9702  |     0.9678  |   0.9257  |               |              3.5852  |
|          |      9  |      0.9448  |     0.9727  |   0.9351  |               |              3.9309  |
|          |   eval  |      0.9448  |     0.9727  |   0.9351  |       0.9413  |              4.0999  |
------------------------------------------------------------------------------------------------------
|       9  |      0  |      1.4336  |     0.7100  |   0.6454  |               |              0.5040  |
|          |      1  |      1.2363  |     0.8262  |   0.7873  |               |              0.9130  |
|          |      2  |      1.1836  |     0.8506  |   0.7476  |               |              1.3236  |
|          |      3  |      1.1533  |     0.8652  |   0.8378  |               |              1.7002  |
|          |      4  |      1.1230  |     0.8760  |   0.8223  |               |              2.0782  |
|          |      5  |      1.0869  |     0.9062  |   0.8652  |               |              2.4562  |
|          |      6  |      1.0576  |     0.9092  |   0.8534  |               |              2.8335  |
|          |      7  |      1.0342  |     0.9219  |   0.8991  |               |              3.2114  |
|          |      8  |      0.9702  |     0.9639  |   0.9208  |               |              3.5886  |
|          |      9  |      0.9429  |     0.9717  |   0.9327  |               |              3.9363  |
|          |   eval  |      0.9429  |     0.9717  |   0.9327  |       0.9399  |              4.1044  |
------------------------------------------------------------------------------------------------------
|      10  |      0  |      1.4102  |     0.7285  |   0.6808  |               |              0.5000  |
|          |      1  |      1.2578  |     0.8066  |   0.7394  |               |              0.9106  |
|          |      2  |      1.2197  |     0.8223  |   0.7942  |               |              1.3220  |
|          |      3  |      1.1641  |     0.8467  |   0.8067  |               |              1.6989  |
|          |      4  |      1.1260  |     0.8809  |   0.8384  |               |              2.0773  |
|          |      5  |      1.0811  |     0.9092  |   0.8034  |               |              2.4545  |
|          |      6  |      1.0518  |     0.9160  |   0.8978  |               |              2.8329  |
|          |      7  |      1.0381  |     0.9258  |   0.8993  |               |              3.2118  |
|          |      8  |      0.9785  |     0.9541  |   0.9247  |               |              3.5890  |
|          |      9  |      0.9341  |     0.9834  |   0.9336  |               |              3.9372  |
|          |   eval  |      0.9341  |     0.9834  |   0.9336  |       0.9409  |              4.1065  |
------------------------------------------------------------------------------------------------------
|      11  |      0  |      1.4248  |     0.7178  |   0.6594  |               |              0.5026  |
|          |      1  |      1.2441  |     0.8154  |   0.7720  |               |              0.9120  |
|          |      2  |      1.2119  |     0.8389  |   0.8112  |               |              1.3256  |
|          |      3  |      1.1396  |     0.8730  |   0.7586  |               |              1.7042  |
|          |      4  |      1.1465  |     0.8584  |   0.8233  |               |              2.0851  |
|          |      5  |      1.1084  |     0.8926  |   0.8525  |               |              2.4639  |
|          |      6  |      1.0537  |     0.9189  |   0.8997  |               |              2.8438  |
|          |      7  |      1.0166  |     0.9316  |   0.9073  |               |              3.2221  |
|          |      8  |      0.9766  |     0.9570  |   0.9248  |               |              3.6023  |
|          |      9  |      0.9399  |     0.9795  |   0.9346  |               |              3.9527  |
|          |   eval  |      0.9399  |     0.9795  |   0.9346  |       0.9413  |              4.1208  |
------------------------------------------------------------------------------------------------------
|      12  |      0  |      1.4521  |     0.7012  |   0.6921  |               |              0.5049  |
|          |      1  |      1.2490  |     0.8008  |   0.7761  |               |              0.9141  |
|          |      2  |      1.2061  |     0.8281  |   0.8000  |               |              1.3261  |
|          |      3  |      1.1729  |     0.8535  |   0.8401  |               |              1.7037  |
|          |      4  |      1.1123  |     0.8838  |   0.8474  |               |              2.0834  |
|          |      5  |      1.0947  |     0.8926  |   0.8683  |               |              2.4616  |
|          |      6  |      1.0566  |     0.9111  |   0.8925  |               |              2.8405  |
|          |      7  |      1.0156  |     0.9385  |   0.9074  |               |              3.2196  |
|          |      8  |      0.9761  |     0.9570  |   0.9237  |               |              3.5973  |
|          |      9  |      0.9375  |     0.9785  |   0.9335  |               |              3.9463  |
|          |   eval  |      0.9375  |     0.9785  |   0.9335  |       0.9411  |              4.1155  |
------------------------------------------------------------------------------------------------------
|      13  |      0  |      1.4102  |     0.7285  |   0.6490  |               |              0.4155  |
|          |      1  |      1.2598  |     0.7881  |   0.7817  |               |              0.8268  |
|          |      2  |      1.2236  |     0.8281  |   0.7455  |               |              1.2413  |
|          |      3  |      1.1572  |     0.8613  |   0.8194  |               |              1.6189  |
|          |      4  |      1.1445  |     0.8779  |   0.8595  |               |              2.0007  |
|          |      5  |      1.1006  |     0.8818  |   0.8516  |               |              2.3791  |
|          |      6  |      1.0615  |     0.9082  |   0.9007  |               |              2.7575  |
|          |      7  |      1.0254  |     0.9287  |   0.9035  |               |              3.1366  |
|          |      8  |      0.9722  |     0.9648  |   0.9246  |               |              3.5152  |
|          |      9  |      0.9502  |     0.9707  |   0.9348  |               |              3.8645  |
|          |   eval  |      0.9502  |     0.9707  |   0.9348  |       0.9425  |              4.0338  |
------------------------------------------------------------------------------------------------------
|      14  |      0  |      1.4238  |     0.7080  |   0.6369  |               |              0.4995  |
|          |      1  |      1.2666  |     0.7949  |   0.7487  |               |              0.9100  |
|          |      2  |      1.2119  |     0.8340  |   0.7661  |               |              1.3246  |
|          |      3  |      1.1387  |     0.8789  |   0.8236  |               |              1.7042  |
|          |      4  |      1.1455  |     0.8682  |   0.8629  |               |              2.0837  |
|          |      5  |      1.0928  |     0.8916  |   0.8539  |               |              2.4622  |
|          |      6  |      1.0420  |     0.9238  |   0.8888  |               |              2.8426  |
|          |      7  |      1.0176  |     0.9404  |   0.8996  |               |              3.2221  |
|          |      8  |      0.9644  |     0.9639  |   0.9194  |               |              3.6001  |
|          |      9  |      0.9526  |     0.9678  |   0.9320  |               |              3.9489  |
|          |   eval  |      0.9526  |     0.9678  |   0.9320  |       0.9400  |              4.1181  |
------------------------------------------------------------------------------------------------------
|      15  |      0  |      1.4404  |     0.6904  |   0.6649  |               |              0.5039  |
|          |      1  |      1.2568  |     0.8018  |   0.7074  |               |              0.9150  |
|          |      2  |      1.1914  |     0.8418  |   0.7948  |               |              1.3291  |
|          |      3  |      1.1416  |     0.8711  |   0.8022  |               |              1.7070  |
|          |      4  |      1.1582  |     0.8477  |   0.8341  |               |              2.0889  |
|          |      5  |      1.1084  |     0.8838  |   0.8374  |               |              2.4667  |
|          |      6  |      1.0312  |     0.9248  |   0.8853  |               |              2.8458  |
|          |      7  |      1.0342  |     0.9258  |   0.8945  |               |              3.2252  |
|          |      8  |      0.9707  |     0.9658  |   0.9253  |               |              3.6049  |
|          |      9  |      0.9443  |     0.9834  |   0.9334  |               |              3.9550  |
|          |   eval  |      0.9443  |     0.9834  |   0.9334  |       0.9402  |              4.1245  |
------------------------------------------------------------------------------------------------------
|      16  |      0  |      1.4619  |     0.6855  |   0.6117  |               |              0.5066  |
|          |      1  |      1.2686  |     0.8047  |   0.6806  |               |              0.9185  |
|          |      2  |      1.1543  |     0.8711  |   0.7791  |               |              1.3319  |
|          |      3  |      1.1484  |     0.8672  |   0.8207  |               |              1.7117  |
|          |      4  |      1.1436  |     0.8623  |   0.8620  |               |              2.0924  |
|          |      5  |      1.0771  |     0.9023  |   0.8690  |               |              2.4707  |
|          |      6  |      1.0605  |     0.9131  |   0.8819  |               |              2.8511  |
|          |      7  |      1.0273  |     0.9209  |   0.9018  |               |              3.2307  |
|          |      8  |      0.9707  |     0.9619  |   0.9270  |               |              3.6099  |
|          |      9  |      0.9399  |     0.9795  |   0.9363  |               |              3.9594  |
|          |   eval  |      0.9399  |     0.9795  |   0.9363  |       0.9418  |              4.1276  |
------------------------------------------------------------------------------------------------------
|      17  |      0  |      1.4375  |     0.6934  |   0.6574  |               |              0.5020  |
|          |      1  |      1.2529  |     0.8135  |   0.7835  |               |              0.9143  |
|          |      2  |      1.1807  |     0.8506  |   0.7722  |               |              1.3307  |
|          |      3  |      1.1777  |     0.8477  |   0.8180  |               |              1.7105  |
|          |      4  |      1.1279  |     0.8740  |   0.8529  |               |              2.0912  |
|          |      5  |      1.0918  |     0.8818  |   0.8340  |               |              2.4706  |
|          |      6  |      1.0576  |     0.9072  |   0.8984  |               |              2.8511  |
|          |      7  |      1.0273  |     0.9355  |   0.9015  |               |              3.2306  |
|          |      8  |      0.9702  |     0.9590  |   0.9255  |               |              3.6098  |
|          |      9  |      0.9521  |     0.9736  |   0.9351  |               |              3.9604  |
|          |   eval  |      0.9521  |     0.9736  |   0.9351  |       0.9402  |              4.1302  |
------------------------------------------------------------------------------------------------------
|      18  |      0  |      1.4150  |     0.7266  |   0.6883  |               |              0.5045  |
|          |      1  |      1.3008  |     0.7754  |   0.7051  |               |              0.9157  |
|          |      2  |      1.2197  |     0.8389  |   0.7911  |               |              1.3313  |
|          |      3  |      1.1816  |     0.8398  |   0.8409  |               |              1.7105  |
|          |      4  |      1.1172  |     0.8809  |   0.8233  |               |              2.0914  |
|          |      5  |      1.0820  |     0.9072  |   0.8823  |               |              2.4699  |
|          |      6  |      1.0459  |     0.9248  |   0.9005  |               |              2.8495  |
|          |      7  |      1.0244  |     0.9346  |   0.8925  |               |              3.2305  |
|          |      8  |      0.9565  |     0.9678  |   0.9255  |               |              3.6095  |
|          |      9  |      0.9502  |     0.9746  |   0.9324  |               |              3.9599  |
|          |   eval  |      0.9502  |     0.9746  |   0.9324  |       0.9402  |              4.1290  |
------------------------------------------------------------------------------------------------------
|      19  |      0  |      1.4375  |     0.7012  |   0.6823  |               |              0.5030  |
|          |      1  |      1.2676  |     0.7998  |   0.6413  |               |              0.9158  |
|          |      2  |      1.1875  |     0.8506  |   0.8159  |               |              1.3311  |
|          |      3  |      1.1387  |     0.8799  |   0.8411  |               |              1.7106  |
|          |      4  |      1.1250  |     0.8779  |   0.8709  |               |              2.0923  |
|          |      5  |      1.0889  |     0.9004  |   0.8658  |               |              2.4717  |
|          |      6  |      1.0322  |     0.9268  |   0.8930  |               |              2.8515  |
|          |      7  |      1.0166  |     0.9385  |   0.8913  |               |              3.2323  |
|          |      8  |      0.9731  |     0.9590  |   0.9255  |               |              3.6119  |
|          |      9  |      0.9375  |     0.9795  |   0.9318  |               |              3.9623  |
|          |   eval  |      0.9375  |     0.9795  |   0.9318  |       0.9384  |              4.1318  |
------------------------------------------------------------------------------------------------------
|      20  |      0  |      1.4170  |     0.7227  |   0.6557  |               |              0.5056  |
|          |      1  |      1.2305  |     0.8145  |   0.6419  |               |              0.9171  |
|          |      2  |      1.2227  |     0.8320  |   0.7890  |               |              1.3323  |
|          |      3  |      1.1533  |     0.8623  |   0.8022  |               |              1.7127  |
|          |      4  |      1.1553  |     0.8535  |   0.8338  |               |              2.0923  |
|          |      5  |      1.0879  |     0.8838  |   0.8441  |               |              2.4710  |
|          |      6  |      1.0508  |     0.9199  |   0.8806  |               |              2.8525  |
|          |      7  |      1.0244  |     0.9375  |   0.9022  |               |              3.2323  |
|          |      8  |      0.9575  |     0.9678  |   0.9178  |               |              3.6110  |
|          |      9  |      0.9429  |     0.9775  |   0.9342  |               |              3.9613  |
|          |   eval  |      0.9429  |     0.9775  |   0.9342  |       0.9421  |              4.1305  |
------------------------------------------------------------------------------------------------------
|      21  |      0  |      1.4248  |     0.7119  |   0.7058  |               |              0.5041  |
|          |      1  |      1.2070  |     0.8506  |   0.7735  |               |              0.9151  |
|          |      2  |      1.1797  |     0.8525  |   0.7870  |               |              1.3302  |
|          |      3  |      1.1777  |     0.8535  |   0.8168  |               |              1.7089  |
|          |      4  |      1.1289  |     0.8721  |   0.8349  |               |              2.0910  |
|          |      5  |      1.0918  |     0.8945  |   0.8445  |               |              2.4701  |
|          |      6  |      1.0410  |     0.9229  |   0.8894  |               |              2.8507  |
|          |      7  |      1.0166  |     0.9414  |   0.9080  |               |              3.2314  |
|          |      8  |      0.9761  |     0.9570  |   0.9231  |               |              3.6097  |
|          |      9  |      0.9380  |     0.9814  |   0.9316  |               |              3.9604  |
|          |   eval  |      0.9380  |     0.9814  |   0.9316  |       0.9406  |              4.1293  |
------------------------------------------------------------------------------------------------------
|      22  |      0  |      1.4727  |     0.6758  |   0.6448  |               |              0.5031  |
|          |      1  |      1.2578  |     0.8086  |   0.7698  |               |              0.9155  |
|          |      2  |      1.2217  |     0.8232  |   0.7674  |               |              1.3305  |
|          |      3  |      1.1445  |     0.8672  |   0.8269  |               |              1.7107  |
|          |      4  |      1.1270  |     0.8760  |   0.8131  |               |              2.0923  |
|          |      5  |      1.1240  |     0.8721  |   0.8624  |               |              2.4715  |
|          |      6  |      1.0361  |     0.9219  |   0.8944  |               |              2.8515  |
|          |      7  |      1.0234  |     0.9238  |   0.9089  |               |              3.2327  |
|          |      8  |      0.9604  |     0.9658  |   0.9220  |               |              3.6123  |
|          |      9  |      0.9443  |     0.9717  |   0.9314  |               |              3.9624  |
|          |   eval  |      0.9443  |     0.9717  |   0.9314  |       0.9416  |              4.1321  |
------------------------------------------------------------------------------------------------------
|      23  |      0  |      1.3984  |     0.7422  |   0.6239  |               |              0.5064  |
|          |      1  |      1.2646  |     0.8154  |   0.7399  |               |              0.9190  |
|          |      2  |      1.1641  |     0.8652  |   0.7528  |               |              1.3331  |
|          |      3  |      1.1680  |     0.8594  |   0.8264  |               |              1.7128  |
|          |      4  |      1.1025  |     0.8936  |   0.8299  |               |              2.0950  |
|          |      5  |      1.0840  |     0.9043  |   0.8814  |               |              2.4750  |
|          |      6  |      1.0518  |     0.9199  |   0.8696  |               |              2.8537  |
|          |      7  |      1.0225  |     0.9365  |   0.9070  |               |              3.2345  |
|          |      8  |      0.9907  |     0.9502  |   0.9188  |               |              3.6147  |
|          |      9  |      0.9370  |     0.9854  |   0.9334  |               |              3.9627  |
|          |   eval  |      0.9370  |     0.9854  |   0.9334  |       0.9411  |              4.1321  |
------------------------------------------------------------------------------------------------------
|      24  |      0  |      1.4258  |     0.7197  |   0.5526  |               |              0.4160  |
|          |      1  |      1.2705  |     0.8047  |   0.5571  |               |              0.8278  |
|          |      2  |      1.2051  |     0.8369  |   0.7192  |               |              1.2436  |
|          |      3  |      1.1357  |     0.8701  |   0.8040  |               |              1.6237  |
|          |      4  |      1.1328  |     0.8779  |   0.8565  |               |              2.0056  |
|          |      5  |      1.1025  |     0.9004  |   0.8605  |               |              2.3851  |
|          |      6  |      1.0654  |     0.9082  |   0.8831  |               |              2.7644  |
|          |      7  |      1.0293  |     0.9258  |   0.8999  |               |              3.1445  |
|          |      8  |      0.9790  |     0.9492  |   0.9226  |               |              3.5232  |
|          |      9  |      0.9370  |     0.9814  |   0.9338  |               |              3.8710  |
|          |   eval  |      0.9370  |     0.9814  |   0.9338  |       0.9403  |              4.0405  |
------------------------------------------------------------------------------------------------------
Mean: 0.9402    Std: 0.0014
/workspace/ESE-3060-Project/logs/95606df5-a60c-42d5-b776-a2b6823f5a9e/log.pt
