------------------------------------------------------------------------------------------------------
|  run     |  epoch  |  train_loss  |  train_acc  |  val_acc  |  tta_val_acc  |  total_time_seconds  |
------------------------------------------------------------------------------------------------------
|       0  |      0  |      1.4141  |     0.7246  |   0.6144  |               |              8.6487  |
|          |      1  |      1.2549  |     0.8105  |   0.7275  |               |              9.0498  |
|          |      2  |      1.2490  |     0.8203  |   0.7207  |               |              9.4533  |
|          |      3  |      1.1416  |     0.8750  |   0.8539  |               |              9.8253  |
|          |      4  |      1.1143  |     0.8848  |   0.8575  |               |             10.1979  |
|          |      5  |      1.1006  |     0.8848  |   0.8545  |               |             10.5700  |
|          |      6  |      1.0400  |     0.9229  |   0.8964  |               |             10.9403  |
|          |      7  |      1.0176  |     0.9297  |   0.9024  |               |             11.3116  |
|          |      8  |      0.9751  |     0.9580  |   0.9203  |               |             11.6828  |
|          |      9  |      0.9531  |     0.9727  |   0.9317  |               |             12.0238  |
|          |   eval  |      0.9531  |     0.9727  |   0.9317  |       0.9391  |             12.1899  |
------------------------------------------------------------------------------------------------------
|       1  |      0  |      1.4355  |     0.7061  |   0.6875  |               |              0.4937  |
|          |      1  |      1.3066  |     0.7666  |   0.6403  |               |              0.8982  |
|          |      2  |      1.1934  |     0.8525  |   0.8187  |               |              1.3007  |
|          |      3  |      1.1914  |     0.8408  |   0.8035  |               |              1.6733  |
|          |      4  |      1.1201  |     0.8848  |   0.8506  |               |              2.0452  |
|          |      5  |      1.1064  |     0.9004  |   0.8867  |               |              2.4160  |
|          |      6  |      1.0654  |     0.9131  |   0.8868  |               |              2.7866  |
|          |      7  |      1.0293  |     0.9287  |   0.9054  |               |              3.1582  |
|          |      8  |      0.9839  |     0.9600  |   0.9234  |               |              3.5295  |
|          |      9  |      0.9346  |     0.9883  |   0.9344  |               |              3.8711  |
|          |   eval  |      0.9346  |     0.9883  |   0.9344  |       0.9420  |              4.0368  |
------------------------------------------------------------------------------------------------------
|       2  |      0  |      1.4658  |     0.6689  |   0.6096  |               |              0.4968  |
|          |      1  |      1.2764  |     0.8115  |   0.8048  |               |              0.8999  |
|          |      2  |      1.2051  |     0.8389  |   0.8110  |               |              1.3078  |
|          |      3  |      1.1738  |     0.8496  |   0.8202  |               |              1.6808  |
|          |      4  |      1.1328  |     0.8750  |   0.8552  |               |              2.0525  |
|          |      5  |      1.1143  |     0.8818  |   0.8614  |               |              2.4254  |
|          |      6  |      1.0400  |     0.9199  |   0.8780  |               |              2.7974  |
|          |      7  |      1.0312  |     0.9248  |   0.9000  |               |              3.1693  |
|          |      8  |      0.9795  |     0.9609  |   0.9294  |               |              3.5407  |
|          |      9  |      0.9517  |     0.9697  |   0.9358  |               |              3.8825  |
|          |   eval  |      0.9517  |     0.9697  |   0.9358  |       0.9426  |              4.0496  |
------------------------------------------------------------------------------------------------------
|       3  |      0  |      1.4287  |     0.7217  |   0.6725  |               |              0.4984  |
|          |      1  |      1.2705  |     0.8057  |   0.7631  |               |              0.9027  |
|          |      2  |      1.1973  |     0.8516  |   0.8057  |               |              1.3116  |
|          |      3  |      1.1895  |     0.8428  |   0.8025  |               |              1.6854  |
|          |      4  |      1.1777  |     0.8506  |   0.8253  |               |              2.0588  |
|          |      5  |      1.1035  |     0.8965  |   0.8620  |               |              2.4316  |
|          |      6  |      1.0312  |     0.9316  |   0.8823  |               |              2.8038  |
|          |      7  |      1.0244  |     0.9404  |   0.9066  |               |              3.1769  |
|          |      8  |      0.9775  |     0.9570  |   0.9238  |               |              3.5485  |
|          |      9  |      0.9468  |     0.9775  |   0.9339  |               |              3.8914  |
|          |   eval  |      0.9468  |     0.9775  |   0.9339  |       0.9391  |              4.0586  |
------------------------------------------------------------------------------------------------------
|       4  |      0  |      1.4707  |     0.6826  |   0.5937  |               |              0.5013  |
|          |      1  |      1.2891  |     0.7852  |   0.7626  |               |              0.9056  |
|          |      2  |      1.1680  |     0.8604  |   0.8116  |               |              1.3143  |
|          |      3  |      1.1660  |     0.8662  |   0.8131  |               |              1.6866  |
|          |      4  |      1.1367  |     0.8701  |   0.8451  |               |              2.0621  |
|          |      5  |      1.0967  |     0.8906  |   0.8820  |               |              2.4345  |
|          |      6  |      1.0508  |     0.9131  |   0.8920  |               |              2.8076  |
|          |      7  |      1.0156  |     0.9385  |   0.9055  |               |              3.1828  |
|          |      8  |      0.9756  |     0.9619  |   0.9220  |               |              3.5564  |
|          |      9  |      0.9497  |     0.9756  |   0.9275  |               |              3.9003  |
|          |   eval  |      0.9497  |     0.9756  |   0.9275  |       0.9385  |              4.0681  |
------------------------------------------------------------------------------------------------------
|       5  |      0  |      1.4424  |     0.6953  |   0.7088  |               |              0.4983  |
|          |      1  |      1.3105  |     0.7754  |   0.7906  |               |              0.9038  |
|          |      2  |      1.2031  |     0.8477  |   0.7816  |               |              1.3133  |
|          |      3  |      1.1621  |     0.8584  |   0.7924  |               |              1.6867  |
|          |      4  |      1.1533  |     0.8584  |   0.8269  |               |              2.0621  |
|          |      5  |      1.0840  |     0.8965  |   0.8658  |               |              2.4358  |
|          |      6  |      1.0342  |     0.9365  |   0.8845  |               |              2.8112  |
|          |      7  |      1.0352  |     0.9229  |   0.8995  |               |              3.1851  |
|          |      8  |      0.9717  |     0.9561  |   0.9227  |               |              3.5584  |
|          |      9  |      0.9453  |     0.9805  |   0.9324  |               |              3.9051  |
|          |   eval  |      0.9453  |     0.9805  |   0.9324  |       0.9396  |              4.0723  |
------------------------------------------------------------------------------------------------------
|       6  |      0  |      1.4365  |     0.7197  |   0.6481  |               |              0.4956  |
|          |      1  |      1.2725  |     0.7979  |   0.7014  |               |              0.9024  |
|          |      2  |      1.2100  |     0.8457  |   0.7594  |               |              1.3117  |
|          |      3  |      1.1445  |     0.8633  |   0.8204  |               |              1.6848  |
|          |      4  |      1.1475  |     0.8730  |   0.8467  |               |              2.0606  |
|          |      5  |      1.0957  |     0.8945  |   0.8575  |               |              2.4342  |
|          |      6  |      1.0566  |     0.9131  |   0.8592  |               |              2.8099  |
|          |      7  |      1.0166  |     0.9404  |   0.8993  |               |              3.1852  |
|          |      8  |      0.9922  |     0.9434  |   0.9208  |               |              3.5601  |
|          |      9  |      0.9424  |     0.9795  |   0.9301  |               |              3.9052  |
|          |   eval  |      0.9424  |     0.9795  |   0.9301  |       0.9376  |              4.0728  |
------------------------------------------------------------------------------------------------------
|       7  |      0  |      1.4287  |     0.7129  |   0.6486  |               |              0.5027  |
|          |      1  |      1.3799  |     0.7471  |   0.6693  |               |              0.9100  |
|          |      2  |      1.2129  |     0.8369  |   0.7747  |               |              1.3206  |
|          |      3  |      1.1641  |     0.8613  |   0.8306  |               |              1.6956  |
|          |      4  |      1.1250  |     0.8828  |   0.8616  |               |              2.0708  |
|          |      5  |      1.0967  |     0.9004  |   0.8127  |               |              2.4462  |
|          |      6  |      1.0664  |     0.9111  |   0.8908  |               |              2.8210  |
|          |      7  |      1.0127  |     0.9355  |   0.8993  |               |              3.1967  |
|          |      8  |      0.9814  |     0.9629  |   0.9274  |               |              3.5725  |
|          |      9  |      0.9458  |     0.9766  |   0.9339  |               |              3.9187  |
|          |   eval  |      0.9458  |     0.9766  |   0.9339  |       0.9398  |              4.0863  |
------------------------------------------------------------------------------------------------------
|       8  |      0  |      1.4561  |     0.6904  |   0.6125  |               |              0.4985  |
|          |      1  |      1.3086  |     0.7959  |   0.6534  |               |              0.9067  |
|          |      2  |      1.2158  |     0.8418  |   0.7931  |               |              1.3183  |
|          |      3  |      1.1758  |     0.8486  |   0.8290  |               |              1.6951  |
|          |      4  |      1.1670  |     0.8486  |   0.8316  |               |              2.0720  |
|          |      5  |      1.0908  |     0.9014  |   0.8521  |               |              2.4489  |
|          |      6  |      1.0566  |     0.9111  |   0.8914  |               |              2.8255  |
|          |      7  |      1.0156  |     0.9346  |   0.8930  |               |              3.2019  |
|          |      8  |      0.9766  |     0.9619  |   0.9233  |               |              3.5777  |
|          |      9  |      0.9409  |     0.9785  |   0.9331  |               |              3.9228  |
|          |   eval  |      0.9409  |     0.9785  |   0.9331  |       0.9408  |              4.0925  |
------------------------------------------------------------------------------------------------------
|       9  |      0  |      1.4434  |     0.7090  |   0.6565  |               |              0.4974  |
|          |      1  |      1.2939  |     0.7803  |   0.7658  |               |              0.9057  |
|          |      2  |      1.2139  |     0.8291  |   0.8213  |               |              1.3179  |
|          |      3  |      1.1562  |     0.8574  |   0.8453  |               |              1.6952  |
|          |      4  |      1.1484  |     0.8662  |   0.8511  |               |              2.0722  |
|          |      5  |      1.1016  |     0.8721  |   0.8624  |               |              2.4494  |
|          |      6  |      1.0508  |     0.9160  |   0.8872  |               |              2.8247  |
|          |      7  |      1.0273  |     0.9336  |   0.8990  |               |              3.2013  |
|          |      8  |      0.9893  |     0.9473  |   0.9251  |               |              3.5784  |
|          |      9  |      0.9448  |     0.9785  |   0.9337  |               |              3.9239  |
|          |   eval  |      0.9448  |     0.9785  |   0.9337  |       0.9381  |              4.0918  |
------------------------------------------------------------------------------------------------------
|      10  |      0  |      1.4492  |     0.6875  |   0.6525  |               |              0.4978  |
|          |      1  |      1.3135  |     0.7842  |   0.6080  |               |              0.9062  |
|          |      2  |      1.2100  |     0.8389  |   0.7425  |               |              1.3181  |
|          |      3  |      1.1465  |     0.8750  |   0.8014  |               |              1.6940  |
|          |      4  |      1.1289  |     0.8936  |   0.8779  |               |              2.0719  |
|          |      5  |      1.1006  |     0.8955  |   0.8526  |               |              2.4470  |
|          |      6  |      1.0381  |     0.9277  |   0.8948  |               |              2.8243  |
|          |      7  |      1.0273  |     0.9287  |   0.8957  |               |              3.2008  |
|          |      8  |      0.9922  |     0.9502  |   0.9166  |               |              3.5771  |
|          |      9  |      0.9443  |     0.9746  |   0.9310  |               |              3.9258  |
|          |   eval  |      0.9443  |     0.9746  |   0.9310  |       0.9386  |              4.0935  |
------------------------------------------------------------------------------------------------------
|      11  |      0  |      1.4570  |     0.7021  |   0.6853  |               |              0.5022  |
|          |      1  |      1.2881  |     0.7891  |   0.7334  |               |              0.9119  |
|          |      2  |      1.2178  |     0.8252  |   0.7512  |               |              1.3223  |
|          |      3  |      1.1689  |     0.8477  |   0.8023  |               |              1.7004  |
|          |      4  |      1.1172  |     0.8896  |   0.8372  |               |              2.0792  |
|          |      5  |      1.0977  |     0.8887  |   0.8203  |               |              2.4563  |
|          |      6  |      1.0615  |     0.9072  |   0.8621  |               |              2.8343  |
|          |      7  |      1.0332  |     0.9277  |   0.9041  |               |              3.2105  |
|          |      8  |      0.9780  |     0.9658  |   0.9239  |               |              3.5878  |
|          |      9  |      0.9458  |     0.9766  |   0.9341  |               |              3.9354  |
|          |   eval  |      0.9458  |     0.9766  |   0.9341  |       0.9409  |              4.1037  |
------------------------------------------------------------------------------------------------------
|      12  |      0  |      1.4326  |     0.7031  |   0.6616  |               |              0.5033  |
|          |      1  |      1.2783  |     0.8076  |   0.6983  |               |              0.9110  |
|          |      2  |      1.2256  |     0.8174  |   0.7933  |               |              1.3250  |
|          |      3  |      1.1631  |     0.8623  |   0.8313  |               |              1.7015  |
|          |      4  |      1.1367  |     0.8760  |   0.8667  |               |              2.0797  |
|          |      5  |      1.1084  |     0.8828  |   0.8518  |               |              2.4565  |
|          |      6  |      1.0469  |     0.9180  |   0.8850  |               |              2.8342  |
|          |      7  |      1.0283  |     0.9316  |   0.9039  |               |              3.2112  |
|          |      8  |      0.9707  |     0.9580  |   0.9243  |               |              3.5900  |
|          |      9  |      0.9482  |     0.9775  |   0.9315  |               |              3.9388  |
|          |   eval  |      0.9482  |     0.9775  |   0.9315  |       0.9397  |              4.1075  |
------------------------------------------------------------------------------------------------------
|      13  |      0  |      1.4170  |     0.7061  |   0.5870  |               |              0.5871  |
|          |      1  |      1.2949  |     0.7920  |   0.7260  |               |              0.9968  |
|          |      2  |      1.2324  |     0.8242  |   0.7523  |               |              1.4128  |
|          |      3  |      1.1543  |     0.8652  |   0.8006  |               |              1.7912  |
|          |      4  |      1.1934  |     0.8369  |   0.8383  |               |              2.1707  |
|          |      5  |      1.1006  |     0.9023  |   0.8540  |               |              2.5478  |
|          |      6  |      1.0537  |     0.9189  |   0.8822  |               |              2.9262  |
|          |      7  |      1.0195  |     0.9336  |   0.9031  |               |              3.3047  |
|          |      8  |      0.9771  |     0.9580  |   0.9197  |               |              3.6822  |
|          |      9  |      0.9600  |     0.9678  |   0.9310  |               |              4.0316  |
|          |   eval  |      0.9600  |     0.9678  |   0.9310  |       0.9378  |              4.2005  |
------------------------------------------------------------------------------------------------------
|      14  |      0  |      1.4141  |     0.7188  |   0.6747  |               |              0.5032  |
|          |      1  |      1.2949  |     0.7881  |   0.7777  |               |              0.9140  |
|          |      2  |      1.2305  |     0.8262  |   0.7442  |               |              1.3266  |
|          |      3  |      1.1934  |     0.8428  |   0.8027  |               |              1.7032  |
|          |      4  |      1.1445  |     0.8594  |   0.8199  |               |              2.0823  |
|          |      5  |      1.0908  |     0.8887  |   0.8598  |               |              2.4604  |
|          |      6  |      1.0625  |     0.9092  |   0.8941  |               |              2.8392  |
|          |      7  |      1.0264  |     0.9316  |   0.8988  |               |              3.2179  |
|          |      8  |      0.9683  |     0.9629  |   0.9214  |               |              3.5943  |
|          |      9  |      0.9507  |     0.9736  |   0.9337  |               |              3.9442  |
|          |   eval  |      0.9507  |     0.9736  |   0.9337  |       0.9405  |              4.1137  |
------------------------------------------------------------------------------------------------------
|      15  |      0  |      1.4863  |     0.6738  |   0.5794  |               |              0.5060  |
|          |      1  |      1.2314  |     0.8291  |   0.7694  |               |              0.9162  |
|          |      2  |      1.2148  |     0.8330  |   0.8044  |               |              1.3300  |
|          |      3  |      1.1533  |     0.8691  |   0.8472  |               |              1.7072  |
|          |      4  |      1.1484  |     0.8555  |   0.8298  |               |              2.0861  |
|          |      5  |      1.1143  |     0.8672  |   0.8436  |               |              2.4651  |
|          |      6  |      1.0420  |     0.9307  |   0.8991  |               |              2.8427  |
|          |      7  |      1.0117  |     0.9424  |   0.8981  |               |              3.2228  |
|          |      8  |      0.9746  |     0.9648  |   0.9234  |               |              3.5997  |
|          |      9  |      0.9512  |     0.9727  |   0.9319  |               |              3.9478  |
|          |   eval  |      0.9512  |     0.9727  |   0.9319  |       0.9395  |              4.1173  |
------------------------------------------------------------------------------------------------------
|      16  |      0  |      1.4492  |     0.7051  |   0.5966  |               |              0.5047  |
|          |      1  |      1.2578  |     0.8037  |   0.7685  |               |              0.9150  |
|          |      2  |      1.2100  |     0.8369  |   0.8009  |               |              1.3294  |
|          |      3  |      1.1768  |     0.8564  |   0.8508  |               |              1.7076  |
|          |      4  |      1.1289  |     0.8789  |   0.8604  |               |              2.0874  |
|          |      5  |      1.0918  |     0.9043  |   0.8593  |               |              2.4655  |
|          |      6  |      1.0449  |     0.9189  |   0.8843  |               |              2.8439  |
|          |      7  |      1.0508  |     0.9131  |   0.8832  |               |              3.2219  |
|          |      8  |      0.9785  |     0.9541  |   0.9222  |               |              3.6010  |
|          |      9  |      0.9502  |     0.9727  |   0.9308  |               |              3.9504  |
|          |   eval  |      0.9502  |     0.9727  |   0.9308  |       0.9382  |              4.1190  |
------------------------------------------------------------------------------------------------------
|      17  |      0  |      1.4277  |     0.7129  |   0.5632  |               |              0.4994  |
|          |      1  |      1.2686  |     0.8066  |   0.7888  |               |              0.9109  |
|          |      2  |      1.2520  |     0.8135  |   0.7369  |               |              1.3248  |
|          |      3  |      1.1631  |     0.8682  |   0.8306  |               |              1.7028  |
|          |      4  |      1.1367  |     0.8770  |   0.8525  |               |              2.0839  |
|          |      5  |      1.0879  |     0.9062  |   0.8784  |               |              2.4627  |
|          |      6  |      1.0498  |     0.9219  |   0.8943  |               |              2.8406  |
|          |      7  |      1.0283  |     0.9297  |   0.8976  |               |              3.2190  |
|          |      8  |      0.9751  |     0.9590  |   0.9156  |               |              3.5967  |
|          |      9  |      0.9424  |     0.9736  |   0.9339  |               |              3.9457  |
|          |   eval  |      0.9424  |     0.9736  |   0.9339  |       0.9386  |              4.1141  |
------------------------------------------------------------------------------------------------------
|      18  |      0  |      1.4922  |     0.6768  |   0.4670  |               |              0.5045  |
|          |      1  |      1.2910  |     0.7910  |   0.7741  |               |              0.9165  |
|          |      2  |      1.1904  |     0.8525  |   0.7144  |               |              1.3305  |
|          |      3  |      1.1641  |     0.8516  |   0.8166  |               |              1.7095  |
|          |      4  |      1.1260  |     0.8818  |   0.8739  |               |              2.0892  |
|          |      5  |      1.0879  |     0.8994  |   0.8562  |               |              2.4690  |
|          |      6  |      1.0557  |     0.9033  |   0.8745  |               |              2.8475  |
|          |      7  |      1.0244  |     0.9277  |   0.8940  |               |              3.2277  |
|          |      8  |      0.9819  |     0.9570  |   0.9213  |               |              3.6064  |
|          |      9  |      0.9429  |     0.9824  |   0.9327  |               |              3.9583  |
|          |   eval  |      0.9429  |     0.9824  |   0.9327  |       0.9422  |              4.1274  |
------------------------------------------------------------------------------------------------------
|      19  |      0  |      1.4189  |     0.7275  |   0.6367  |               |              0.5014  |
|          |      1  |      1.2588  |     0.8154  |   0.7837  |               |              0.9123  |
|          |      2  |      1.1846  |     0.8516  |   0.7823  |               |              1.3265  |
|          |      3  |      1.1631  |     0.8623  |   0.8231  |               |              1.7058  |
|          |      4  |      1.1318  |     0.8799  |   0.8449  |               |              2.0855  |
|          |      5  |      1.0908  |     0.8955  |   0.8439  |               |              2.4628  |
|          |      6  |      1.0508  |     0.9189  |   0.8705  |               |              2.8408  |
|          |      7  |      1.0449  |     0.9131  |   0.8985  |               |              3.2210  |
|          |      8  |      0.9692  |     0.9570  |   0.9230  |               |              3.5999  |
|          |      9  |      0.9429  |     0.9785  |   0.9352  |               |              3.9475  |
|          |   eval  |      0.9429  |     0.9785  |   0.9352  |       0.9393  |              4.1149  |
------------------------------------------------------------------------------------------------------
|      20  |      0  |      1.4268  |     0.7002  |   0.6486  |               |              0.5039  |
|          |      1  |      1.2812  |     0.7871  |   0.6857  |               |              0.9149  |
|          |      2  |      1.1943  |     0.8438  |   0.7528  |               |              1.3295  |
|          |      3  |      1.1807  |     0.8467  |   0.8168  |               |              1.7081  |
|          |      4  |      1.1367  |     0.8662  |   0.8098  |               |              2.0860  |
|          |      5  |      1.1182  |     0.8818  |   0.8288  |               |              2.4641  |
|          |      6  |      1.0537  |     0.9160  |   0.8912  |               |              2.8423  |
|          |      7  |      1.0225  |     0.9316  |   0.8928  |               |              3.2212  |
|          |      8  |      0.9912  |     0.9580  |   0.9223  |               |              3.5998  |
|          |      9  |      0.9468  |     0.9746  |   0.9323  |               |              3.9479  |
|          |   eval  |      0.9468  |     0.9746  |   0.9323  |       0.9397  |              4.1157  |
------------------------------------------------------------------------------------------------------
|      21  |      0  |      1.4414  |     0.6973  |   0.6319  |               |              0.5051  |
|          |      1  |      1.2949  |     0.7881  |   0.6168  |               |              0.9161  |
|          |      2  |      1.2148  |     0.8350  |   0.8103  |               |              1.3301  |
|          |      3  |      1.1602  |     0.8652  |   0.8509  |               |              1.7094  |
|          |      4  |      1.1133  |     0.8828  |   0.8545  |               |              2.0889  |
|          |      5  |      1.1104  |     0.8877  |   0.8356  |               |              2.4670  |
|          |      6  |      1.0537  |     0.9209  |   0.9020  |               |              2.8440  |
|          |      7  |      1.0312  |     0.9258  |   0.8926  |               |              3.2239  |
|          |      8  |      0.9790  |     0.9541  |   0.9253  |               |              3.6023  |
|          |      9  |      0.9570  |     0.9658  |   0.9334  |               |              3.9499  |
|          |   eval  |      0.9570  |     0.9658  |   0.9334  |       0.9393  |              4.1193  |
------------------------------------------------------------------------------------------------------
|      22  |      0  |      1.4541  |     0.6875  |   0.6833  |               |              0.5042  |
|          |      1  |      1.2891  |     0.7979  |   0.7432  |               |              0.9150  |
|          |      2  |      1.2148  |     0.8359  |   0.7979  |               |              1.3296  |
|          |      3  |      1.1533  |     0.8633  |   0.8201  |               |              1.7088  |
|          |      4  |      1.1338  |     0.8857  |   0.8532  |               |              2.0879  |
|          |      5  |      1.0840  |     0.8945  |   0.8338  |               |              2.4662  |
|          |      6  |      1.0449  |     0.9180  |   0.8935  |               |              2.8443  |
|          |      7  |      1.0322  |     0.9287  |   0.9085  |               |              3.2233  |
|          |      8  |      0.9712  |     0.9619  |   0.9257  |               |              3.6032  |
|          |      9  |      0.9609  |     0.9648  |   0.9332  |               |              3.9518  |
|          |   eval  |      0.9609  |     0.9648  |   0.9332  |       0.9401  |              4.1200  |
------------------------------------------------------------------------------------------------------
|      23  |      0  |      1.4434  |     0.7070  |   0.6634  |               |              0.5075  |
|          |      1  |      1.2676  |     0.8145  |   0.6811  |               |              0.9194  |
|          |      2  |      1.2148  |     0.8252  |   0.8012  |               |              1.3308  |
|          |      3  |      1.1748  |     0.8535  |   0.8326  |               |              1.7103  |
|          |      4  |      1.1152  |     0.8848  |   0.8578  |               |              2.0892  |
|          |      5  |      1.0967  |     0.8848  |   0.8410  |               |              2.4665  |
|          |      6  |      1.0430  |     0.9268  |   0.8686  |               |              2.8462  |
|          |      7  |      1.0176  |     0.9336  |   0.9042  |               |              3.2255  |
|          |      8  |      0.9751  |     0.9551  |   0.9223  |               |              3.6036  |
|          |      9  |      0.9473  |     0.9736  |   0.9333  |               |              3.9520  |
|          |   eval  |      0.9473  |     0.9736  |   0.9333  |       0.9395  |              4.1215  |
------------------------------------------------------------------------------------------------------
|      24  |      0  |      1.4365  |     0.7070  |   0.6676  |               |              0.4995  |
|          |      1  |      1.2725  |     0.8135  |   0.7342  |               |              0.9115  |
|          |      2  |      1.2588  |     0.8096  |   0.8057  |               |              1.3266  |
|          |      3  |      1.2061  |     0.8340  |   0.7631  |               |              1.7066  |
|          |      4  |      1.1230  |     0.8760  |   0.8555  |               |              2.0836  |
|          |      5  |      1.1143  |     0.8896  |   0.8256  |               |              2.4627  |
|          |      6  |      1.0322  |     0.9209  |   0.8897  |               |              2.8411  |
|          |      7  |      1.0322  |     0.9287  |   0.9021  |               |              3.2205  |
|          |      8  |      0.9673  |     0.9658  |   0.9199  |               |              3.5998  |
|          |      9  |      0.9434  |     0.9805  |   0.9338  |               |              3.9474  |
|          |   eval  |      0.9434  |     0.9805  |   0.9338  |       0.9390  |              4.1163  |
------------------------------------------------------------------------------------------------------
Mean: 0.9396    Std: 0.0013
/workspace/ESE-3060-Project/logs/86e2202e-fec8-4f58-b39e-c3beb8ce3fe5/log.pt
